497
1527
2850
4472
3085
3107
2548
326
1923
1936
2591
3146
842
3964
134
2773
1593
1780
4982
2702
4423
2377
772
4240
1257
3716
1143
1481
4106
329
2846
3309
4577
1756
4013
3657
3018
4864
2473
4183
3976
1230
2647
4105
1831
4622
2926
4918
2165
3720
1952
4538
1550
215
3762
3120
755
3610
3215
4370
1964
1067
1221
1595
4090
4283
3569
4086
4951
1478
4755
1729
4308
799
3727
3193
4730
1667
2409
1635
790
1226
4317
387
3378
3309
1760
4363
2994
893
2902
4408
1649
3104
2220
2909
10
1053
16
2548
1054
3840
4967
687
3965
223
231
751
1488
570
3391
4089
1201
1581
3580
738
1751
835
3217
782
2524
4206
1093
4058
3577
348
81
1204
3580
819
3183
3678
1651
4862
582
1950
1260
3631
1422
3155
3078
1009
2876
2425
2503
3813
3207
69
4524
1482
1159
4176
2836
4235
25
1848
2748
909
2111
3618
143
4027
2171
670
2387
4713
2438
1340
999
1630
4479
3120
4414
63
2704
1516
1331
3668
1556
4764
2141
12
1681
2099
4661
4008
842
2417
4838
3734
4203
352
1521
2804
3013
4051
3839
2206
38
2791
1376
1868
4070
2895
2004
3039
4763
2774
1531
3510
518
4080
4354
2347
1478
131
2347
72
1010
3380
3871
22
1503
2265
2428
4127
1600
1610
2050
3654
2677
4125
3630
3765
3389
274
943
3786
96
1622
4245
3069
886
1328
3217
123
998
4174
1326
2883
1704
3767
1197
1659
3920
1354
365
1805
467
2877
1439
3153
724
2878
833
1393
450
589
3959
1205
4189
3561
4977
4388
4135
803
4136
175
4049
2305
3129
2427
284
4168
1950
3911
2929
1972
4846
2035
4909
4138
3319
2220
183
1093
2345
3009
496
1825
4673
410
215
122
3695
3143
3790
1810
2525
3117
2218
191
2757
3162
4748
4013
2869
1557
928
1922
3465
3479
743
1924
1296
52
243
2758
4205
3043
3459
1128
4679
2224
2633
2720
2212
162
473
3807
121
1120
4447
1730
4817
4719
1381
158
2473
1171
3224
788
2081
3575
3361
1194
4668
3291
3827
3643
2901
1033
2605
4483
4659
1091
512
534
530
2028
1801
2707
1084
2121
1801
2345
4033
4014
2108
1578
3671
85
286
3035
4819
2671
4047
1105
3864
1440
3053
3921
1336
1830
907
4089
3515
4965
2071
3727
4207
848
4628
445
4370
517
4704
4960
1774
1016
2162
654
1184
2249
4973
2816
748
4571
4664
1989
2044
4407
1670
4091
3976
2881
1372
4255
1215
2713
3831
4068
1943
3381
2371
2824
458
4841
3665
4303
2967
4088
4332
2849
4279
2399
2737
4088
1858
3091
3342
3945
302
83
1684
4801
4178
538
1470
1490
4146
450
3746
4062
2185
3094
3711
2803
4879
2149
2359
907
906
361
4022
2957
76
3822
4813
1577
144
2284
2397
3125
4372
4886
3767
1861
1698
2571
3646
4920
3372
2176
158
2518
343
271
664
1185
3689
4934
4210
4710
732
2435
3039
4941
1062
3728
4726
357
726
4893
1346
1862
3054
621
4690
2300
4327
1851
1106
2309
3503
2439
2536
3731
204
1504
2614
4805
3158
3628
2889
210
3075
2687
2393
1937
1848
3827
800
2971
2845
3290
4195
3480
830
3296
4464
4722
581
3365
1859
1839
3829
1902
1207
3294
4900
4308
4738
4558
1114
4921
2199
2098
2005
1137
3788
367
3228
2754
452
501
1051
3136
4464
214
3244
4056
2902
1908
2040
2893
4225
4794
1769
1051
1381
1174
1481
4100
2038
2541
4089
1243
1858
2924
1091
2097
1476
4693
4509
4098
1494
2828
2913
1359
788
694
2438
994
50
844
1406
2831
2518
3222
697
2406
330
955
4756
2614
3887
4129
717
2912
1412
4809
1278
1540
4123
1147
2581
3210
2399
2943
1399
1397
1881
411
263
688
3737
487
4050
1194
1135
1259
3725
3636
2227
3686
1768
522
4937
1896
212
2366
2112
2
4947
979
4416
898
1871
3903
3263
3197
432
4576
1823
4301
525
4920
692
4069
3878
3400
79
4523
1777
154
1085
2643
4313
438
4380
2060
3273
504
2732
4034
4286
1879
464
4284
1272
2839
3616
147
2932
2939
827
4150
1814
2927
3161
1849
4830
869
3018
1812
2287
2589
3226
4794
4895
1774
1585
1434
4524
1203
4924
4929
1844
2790
15
3647
4456
1408
2797
1040
4785
4933
1592
3839
4327
1935
829
1387
2278
2531
2231
2405
2486
920
1748
1697
3654
671
4389
4499
1254
2182
624
1729
3015
899
2306
4024
2913
4515
2394
3422
3073
1979
2027
2354
998
4388
467
2961
945
199
4157
1994
3973
2520
2443
925
1043
3318
4993
3786
2020
3299
4786
2603
4310
4864
824
3429
4630
1806
3474
2764
138
3809
4332
507
3893
4394
700
4267
204
1429
3554
1055
3026
3630
2756
496
3456
1382
2982
4595
4522
3608
1403
4775
2193
4425
3045
1135
3565
2039
3332
4140
1726
1394
1856
165
3188
1936
2032
1649
2619
727
3582
591
4745
3732
4577
680
2108
328
4973
3248
3824
3879
3242
1530
2407
4558
3315
4469
1349
4565
703
3165
3098
4415
4330
1633
1774
2592
2308
1521
4351
1334
1977
3795
27
812
30
3462
4848
2366
4028
3237
2067
84
317
2847
3152
327
2758
3630
3622
2563
300
3054
25
417
2494
331
4403
2945
3906
4517
3021
3452
3898
2490
1903
4448
1503
1595
4529
4854
4621
3984
538
2466
1099
3015
4098
1483
3481
1448
4834
3678
2899
1788
1034
3923
3770
4610
3319
4700
4059
1903
3461
4511
216
3615
1186
2827
944
3704
3824
1164
4102
3769
2943
1317
2517
2559
4319
4479
1233
2920
4464
2459
4683
4343
553
2111
1457
2981
679
1894
3276
4829
795
2718
524
1027
2251
2484
1829
1272
540
4778
2624
3671
4577
4131
3846
4717
1406
1211
292
3840
3468
1140
2440
1002
4829
874
3062
4075
1370
2964
3026
1931
